O	c04203.pure	c04635.pure	c12157.pure	c12601.pure	c16577.pure	c16948.pure	c16968.pure	c17011.pure	c17267.pure	c28725.pure	c30175.pure	c42198.pure	c42372.pure	c46238_sogou.pure	c49218_pangu.pure	c54058.pure
c04203.pure	3021	3576	3704	3846	3946	3946	3947	4200	3843	4031	3996	4101	3827	3752	4021
c04635.pure		4461	4624	4520	4626	4626	4627	4628	4405	4630	4576	4534	4501	4320	4530
c12157.pure			12132	11926	12148	12151	12151	12154	11860	12157	11958	11674	11728	11271	12157
c12601.pure				12363	12588	12591	12590	12598	11951	12599	12384	12088	12159	11648	12297
c16577.pure					16571	16575	16576	16576	15816	16577	16136	15741	15700	15312	16225
c16948.pure						16948	16946	16947	16183	16948	16493	16087	16046	15667	16593
c16968.pure							16950	16951	16203	16968	16510	16103	16063	15686	16613
c17011.pure								17004	16236	17011	16552	16143	16093	15714	16649
c17267.pure									16321	17097	16633	16379	16172	15841	16805
c28725.pure										28588	27366	26616	27240	26554	28588
c30175.pure											28878	28072	28496	27781	29610
c42198.pure												30048	27610	26928	28432
c42372.pure													26655	26048	34692
c46238_sogou.pure														44569	28785
c49218_pangu.pure															28869
c54058.pure																